30 33
5 8 0 0 0 8 0 0 0 0 X 0 4 0 4 0 0 4 0 6 X 3 0 0 6 0 2 6 0 5 0 0 6 
0 X 0 0 5 0 3 0 0 0 0 0 8 6 8 0 5 X 0 0 0 0 0 0 6 0 0 0 6 5 0 8 7 
0 0 0 5 X X 0 0 4 0 0 X 3 3 0 0 7 2 X 0 0 0 8 0 0 0 0 0 X 0 4 0 0 
2 X X P 0 X 0 0 0 0 0 0 0 0 0 0 0 0 0 0 7 5 0 0 0 0 5 0 2 0 0 8 5 
0 0 0 0 0 3 0 0 0 X 0 0 0 0 0 0 3 X 3 0 0 0 X 0 3 0 4 0 5 3 0 3 4 
0 0 0 3 3 0 0 8 2 X 4 0 2 4 7 2 0 0 3 0 0 X 0 3 0 0 0 0 0 0 0 0 0 
0 X 0 0 3 0 3 0 2 3 0 0 6 4 0 X 8 0 7 3 0 0 0 0 2 0 5 0 X 0 0 7 7 
0 0 0 0 4 0 2 0 0 0 0 4 6 8 0 0 8 0 2 0 6 0 X 0 0 0 0 0 0 0 8 0 6 
0 0 8 4 0 0 0 0 X 2 X 0 0 X 0 2 X 6 0 0 7 0 2 8 0 2 0 3 0 0 0 0 0 
2 4 X X 0 0 0 0 4 8 3 0 2 0 6 0 0 2 0 4 8 X 0 0 3 7 0 0 0 0 4 0 8 
8 6 0 0 3 0 0 0 8 0 0 0 5 0 8 0 7 0 0 0 0 0 8 4 0 0 5 0 0 0 0 0 0 
4 X 0 0 0 0 X 0 3 X 3 0 5 8 6 0 X 0 5 0 0 0 X 0 0 0 X 2 X 0 0 8 5 
0 0 7 8 0 5 X X 0 3 0 0 0 0 0 X 0 0 7 0 0 X 0 0 8 0 8 4 4 3 0 3 0 
0 0 4 3 2 0 8 0 5 X 5 0 0 6 0 2 3 8 7 4 0 0 0 0 0 8 2 7 0 0 0 0 0 
0 4 2 0 0 0 5 8 0 0 8 0 4 0 8 0 6 0 8 7 0 6 3 0 0 8 5 0 X 0 0 0 2 
X 0 0 0 2 4 8 6 6 7 8 X 0 0 4 0 2 X 0 0 0 0 0 7 2 X 4 0 4 X 7 0 4 
3 0 4 0 4 8 3 6 0 0 0 4 0 0 0 0 0 0 0 0 8 7 2 0 X 4 0 7 0 4 0 4 6 
0 0 0 0 5 0 8 2 3 0 0 0 6 0 X 0 7 7 0 X X X 3 7 3 8 0 0 0 8 0 X 0 
0 0 0 X 7 6 0 0 0 4 5 0 X 0 8 0 3 0 0 0 X 0 0 0 0 0 0 0 5 4 0 6 0 
0 X 3 0 5 8 X 4 0 0 X 0 X 0 X 6 8 0 0 4 S 5 0 0 6 0 0 X 0 6 0 8 2 
0 5 X 5 6 0 X 0 0 X 5 0 X 5 0 6 0 8 X 0 5 6 3 X 0 7 0 0 0 0 0 3 3 
0 6 2 6 0 7 0 0 0 X 0 6 0 0 0 2 5 0 X X 0 7 0 X 0 0 0 5 0 3 0 0 3 
0 8 0 X 0 8 8 2 0 0 X 0 4 0 7 6 5 2 0 0 0 0 0 0 2 0 6 0 0 8 3 0 4 
0 X 0 0 3 8 0 0 4 0 0 0 0 4 0 0 2 0 4 4 8 6 X 0 0 X 0 2 0 X X 6 5 
0 0 4 4 8 0 0 0 0 0 5 8 5 0 0 X 2 3 0 0 0 0 0 4 0 0 X 0 0 0 6 0 0 
0 6 X 8 5 0 6 0 0 4 6 0 0 3 0 X 0 8 0 5 4 0 5 0 0 X 0 6 0 0 X 5 5 
7 X 8 2 4 0 0 0 2 0 7 2 8 0 0 0 0 0 X X 0 X 2 3 5 6 4 0 4 0 2 0 2 
0 7 X 0 3 0 0 0 8 0 0 8 2 0 0 0 0 6 0 0 0 X 2 X 4 0 5 8 5 0 0 0 5 
0 0 0 0 X 0 4 X 0 0 7 5 3 X 4 0 0 0 0 0 X X 0 0 0 3 0 0 0 0 0 0 0 
0 2 0 0 0 6 3 8 8 0 X 0 X 0 X 0 0 0 0 0 0 0 7 0 0 0 0 3 4 0 0 0 0 
